res {
  channels: [
    'FP1-F7',  'F7-T7',   'T7-P7',
    'P7-O1',   'FP1-F3',  'F3-C3',
    'C3-P3',   'P3-O1',   'FP2-F4',
    'F4-C4',   'C4-P4',   'P4-O2',
    'FP2-F8',  'F8-T8',   'T8-P8-0',
    'P8-O2',   'FZ-CZ',   'CZ-PZ',
    'P7-T7',   'T7-FT9',  'FT9-FT10',
    'FT10-T8', 'T8-P8-1'
  ],
  eeg_data: [
    [
      0.00007562902265964752,
      0.00013353829251544976,
      0.00012812945754177158,
      0.0001536105287251087,
      0.00016790176241702906,
      0.00020959693293659876,
      0.00024703698786907757,
      0.00023389947356374454,
      0.00019298585488670175,
      0.0002362193179217212,
      0.00017560563057907987,
      0.0001597885099565118,
      0.0002111352254520485,
      0.0002840800640878919,
      0.00032114795147631037,
      0.00032964577706569005,
      0.00029798672465094984,
      0.00018410345616845958,
      0.0001767717555504692,
      0.00021537793545433736,
      0.00027945278095674065,
      0.0002929624628061341,
      0.00026325108720531013,
      0.0002435510185397116,
      0.00021267351796749827,
      0.0002118919661249714,
      0.0002493444266422522,
      0.0002381421835660334,
      0.00020070212863355458,
      0.00023429645227740901,
      0.0002370008697642481,
      0.00020996910048065917,
      0.00025976511787594416,
      0.000217685374227512,
      0.00020959693293659876,
      0.00024471714351110093,
      0.00025899597161821924,
      0.00024625543602655066,
      0.00021922366674296176,
      0.00021422421606775004,
      0.00017793788052185855,
      0.00016403121995880063,
      0.00023313032730601968,
      0.00026825053788052185,
      0.0002566761272602426,
      0.00024742156099794,
      0.00020881538109407185,
      0.00019376740672922866,
      0.00021073824673838407,
      0.00023930830853742275,
      0.00019260128175783932,
      0.00016673563744563973,
      0.0001563149462119478,
      0.00015244440375371937,
      0.00018951229114213777,
      0.00015207223620965896,
      0.000060184069581139846,
      -0.000002340077821011671,
      -0.000021246189059281298,
      0.000013080064087891967,
      0.000030075715266651408,
      0.00007060476081483177,
      -0.00001314534218356603,
      -0.00004094625772487983,
      -0.000043266102082856486,
      -0.00004750881208514534,
      -0.000025116731517509725,
      -0.00004750881208514534,
      -0.00011041753261615929,
      -0.00013165589379720758,
      -0.00011428807507438772,
      -0.00011390350194552529,
      -0.000092677546349279,
      -0.0001513559624628061,
      -0.00018223346303501944,
      -0.00019651229114213777,
      -0.00023126033417257953,
      -0.00019458942549782556,
      -0.00012779775692378116,
      -0.0001540603799496452,
      -0.00013744930189974822,
      -0.00007414360265506981,
      -0.00010503350881208514,
      -0.00016214882124055847,
      -0.0001625333943694209,
      -0.00018918059052414738,
      -0.00023433691920347904,
      -0.00018223346303501944,
      -0.0001911034561684596,
      -0.0002042285648889906,
      -0.00022122421606775004,
      -0.00022237793545433737,
      -0.00020501011673151748,
      -0.0002023056992446784,
      -0.00017952904554818035,
      -0.00018879601739528495,
      -0.00018956516365300984,
      -0.0002385920347905699,
      -0.0002829916227969787,
      -0.00020654840924696726,
      ... 924 more items
    ],
    [
      0.00005356246280613416,
      0.00007566921492332344,
      0.00004735967040512707,
      0.00006596804760814834,
      0.00004619354543373773,
      0.00002522810711833375,
      0.000026402502479591097,
      0.000013591668574044443,
      0.00001165639734493023,
      0.00003338271152819108,
      0.000020960585946440872,
      0.000015146501869230222,
      0.000002352208743419589,
      -0.000014709605554283925,
      -0.000015114854657816389,
      -0.00002441904325932703,
      -0.000020151522087434148,
      -0.00006515071335927361,
      -0.000060883192187380735,
      -0.000060883192187380735,
      -0.00005816223392080562,
      -0.000014709605554283925,
      -0.000006571541924162617,
      -0.000019762813763637704,
      -0.000022078522926680352,
      -0.00002363335622186613,
      -0.000035675043869687905,
      -0.000022483772030212818,
      -0.000027900877393759013,
      -0.00003605548180361634,
      -0.000018977126726176805,
      -0.000008895521477073275,
      -0.000008126375219348396,
      0.000020960585946440872,
      -0.000012774334325169711,
      -0.00003722160677500567,
      -0.000031399252307927015,
      -0.000015495292591744825,
      -0.0000034536049439230513,
      -0.000013543480582894591,
      0.000013591668574044443,
      -3.5220874341950434e-7,
      0.0000027409170672160333,
      0.000020960585946440872,
      0.000032216586556801744,
      0.00003841937895780884,
      0.000044638712138551954,
      0.000049675379568169716,
      0.00005744954604409861,
      0.00005433160906385904,
      0.00009041532005798431,
      0.00009429413290608074,
      0.00010359832150759139,
      0.0001160204470893416,
      0.00010942067597467004,
      0.00008964617380025942,
      0.0000698551308461128,
      0.000038038941023880405,
      0.000005056626230258682,
      0.000022912397955291103,
      0.00002756862745098043,
      0.000033771419851987526,
      0.000039585503929198176,
      0.00003687281605249107,
      0.00003338271152819108,
      0.00003531798275730529,
      0.00004309214923323418,
      0.00003648410772869463,
      0.000033771419851987526,
      0.00003260529488059819,
      0.000017098313878080453,
      0.000019811001754787556,
      0.00002251541924162665,
      0.0000042874799725338025,
      -0.000001137895780880403,
      0.0000031213550011444683,
      2.8229190508930785e-8,
      -0.0000026927290760661813,
      0.000012045105668726675,
      0.000010490272373540896,
      0.000004676188296330246,
      0.000005056626230258682,
      -0.0000026927290760661813,
      -0.000011996917677576822,
      -0.000017811001754787473,
      -0.000018216250858319936,
      -0.000024030334935530586,
      -0.00003178796063172346,
      -0.00003450064850843056,
      -0.00003877644007019145,
      -0.00005312556649118786,
      -0.00004614535744258788,
      -0.000041877836270695,
      -0.00004032300297550922,
      -0.00003605548180361634,
      -0.00003722160677500567,
      -0.00003295408560311279,
      -0.00002944744029907678,
      -0.00002169808499275192,
      -0.000021317647058823483,
      ... 924 more items
    ],
    [
      -0.000011984893568322274,
      -0.00003405752651255055,
      -0.000006556191348134587,
      -0.000025152819104295417,
      -0.000001919813839932863,
      0.0000050526436255436,
      0.000008917143511100936,
      0.000009699244678416112,
      -0.0000015364309147783656,
      -0.00002631830319676509,
      -0.000022837186236362254,
      -0.000027483787289234762,
      -0.000021288319218738082,
      -0.000014699244678416116,
      -0.00002941092545967804,
      -0.000021288319218738082,
      -0.00002902754253452354,
      3.958190280003024e-7,
      0.000014724116884107726,
      0.000018603952086671242,
      0.000027125276569771874,
      0.000029057526512550545,
      0.00002945624475471122,
      0.00002983962767986572,
      0.000019769436179140915,
      0.000010082627603570609,
      0.000004270542458228425,
      -0.000008508888380254828,
      0.000010864728770885784,
      0.000023649271381704432,
      -0.000002696803234912645,
      -0.000020506218051422906,
      -0.00002322056916151675,
      -0.00006350133516441597,
      -0.000046842069123369195,
      0.000008917143511100936,
      0.000003105058365758752,
      0.000003887159533073928,
      0.000009315861753261613,
      0.00002248378728923476,
      -0.000001919813839932863,
      0.00003719546807049668,
      0.000056553749904631114,
      0.000053839398794537267,
      0.00007707751583123522,
      0.00008909529259174487,
      0.00008404997329671168,
      0.00009528564888990616,
      0.00010381208514534218,
      0.00010535584039063096,
      0.00011464393072404058,
      0.00012045601586938277,
      0.00011078454261081865,
      0.00009566903181506066,
      0.00008521545738918136,
      0.0000720526436255436,
      0.00006857152666514076,
      0.000082884489204242,
      0.00009064415960936904,
      0.00007476188296330205,
      0.00007631074998092622,
      0.00007127054245822843,
      0.00007360151064316777,
      0.00007940848401617456,
      0.00007864171816586557,
      0.00006857152666514076,
      0.00006005020218204013,
      0.00006314793621728846,
      0.000059268101014724955,
      0.000060816968032349127,
      0.00005695246814679179,
      0.000051145494773785,
      0.000050363393606469824,
      0.00006545845731288624,
      0.00007979186694132906,
      0.00008947867551689936,
      0.00010302487220569162,
      0.00009683451590753032,
      0.00009180964370183871,
      0.0001084535744258793,
      0.00010652132448310063,
      0.00012202021820401313,
      0.0001278271915770199,
      0.0001301428244449531,
      0.00012975944151979858,
      0.00013052620737010758,
      0.00013594979781795987,
      0.00013633318074311436,
      0.0001402130159456779,
      0.00013982963302052338,
      0.0001440928511482414,
      0.0001437094682230869,
      0.00014756885633630885,
      0.0001541630426489662,
      0.00015106530861371786,
      0.00014254398413061722,
      0.0001402130159456779,
      0.00013052620737010758,
      0.00012202021820401313,
      0.00012975944151979858,
      ... 924 more items
    ],
    [
      0.0000307805905241474,
      0.000023055985351338973,
      0.000018423666742961768,
      0.000010303868162050805,
      0.00000954200045777065,
      0.000016097322041657124,
      0.000015718425268940256,
      0.0000323246967269398,
      0.000034268070496681156,
      0.00004237157244220645,
      0.0000647916685740444,
      0.00007291146715495536,
      0.00008526431677729457,
      0.00008913476768139162,
      0.00009454932478828107,
      0.00009609343099107347,
      0.00009763753719386587,
      0.00011424380865186541,
      0.00010806738384069581,
      0.00010768441290913253,
      0.00011386083772030213,
      0.00011773128862439918,
      0.00011115559624628061,
      0.00011540494392309452,
      0.00012236360723277638,
      0.00011193783474479286,
      0.00011927539482719157,
      0.00012081950102998398,
      0.00010034277866788738,
      0.00009144481574731059,
      0.00008680842298008698,
      0.00007174625772487984,
      0.00006092121766994735,
      0.00005436182192721446,
      0.00005010840009155413,
      0.00004353270771343556,
      0.000047020187685969326,
      0.000051273609521629656,
      0.000047020187685969326,
      0.00005436182192721446,
      0.000063247562371252,
      0.00006092121766994735,
      0.0000725121995880064,
      0.00006904101625085832,
      0.000057450034332799265,
      0.000051273609521629656,
      0.000047020187685969326,
      0.000046242023346303496,
      0.00003966225680933852,
      0.00003735628290226596,
      0.000027692378118562592,
      0.000026148271915770192,
      0.000020350743877317457,
      0.000015718425268940256,
      0.00001146500343327992,
      0.00000759862668802929,
      0.0000037444724193179142,
      0.000008759761959258404,
      0.000018806637674525057,
      0.0000056715495536736024,
      -0.0000016700846875715344,
      -0.000007080567635614565,
      -0.00001828857862211033,
      -0.000019050446326390488,
      -0.000012095857175555055,
      -0.000011712886243991768,
      -0.000011712886243991768,
      -0.000008624673838406965,
      -0.00000978580910963608,
      -0.000010946944380865194,
      -0.000009402838178072793,
      -0.00000784243533989472,
      -5.048752574960022e-7,
      0.00000450634012359807,
      0.00001146500343327992,
      0.000014174319066147853,
      0.000015718425268940256,
      0.00002652716868848706,
      0.000034268070496681156,
      0.00003966225680933852,
      0.000045476081483176925,
      0.00005203547722590982,
      0.00005436182192721446,
      0.00006092121766994735,
      0.00006595280384527352,
      0.00006980288395513848,
      0.00006711393911650263,
      0.00007405630579079881,
      0.00008450244907301441,
      0.00008719139391165026,
      0.00009493229571984436,
      0.00008875179674982834,
      0.00007445557335774776,
      0.00007405630579079881,
      0.00007483854428931105,
      0.00008139794003204394,
      0.00007291146715495536,
      0.000070968093385214,
      0.00006517056534676127,
      0.000058994140535591666,
      ... 924 more items
    ],
    [
      -0.000020401373311970702,
      0.00004082948043030442,
      0.000033415152208743416,
      0.00007085529869535362,
      0.00010126436255436026,
      0.0001367440604257267,
      0.00018979409475852597,
      0.00018706715495536735,
      0.00012467182421606774,
      0.00015740984206912337,
      0.00011725749599450674,
      0.00008721693751430532,
      0.00013090693522545204,
      0.00020109983978027008,
      0.00024362536049439228,
      0.00025062696269169144,
      0.0002127888303959716,
      0.00007007406729228656,
      0.00003808780041199359,
      0.00005837033646143282,
      0.00012857798123140307,
      0.00019095857175555045,
      0.00017574666971847104,
      0.0001566433508812085,
      0.00012114891279468985,
      0.00010633499656672007,
      0.00014572085145342183,
      0.0001453376058594644,
      0.00012231338979171435,
      0.00018979409475852597,
      0.00021124110780498969,
      0.00018121528953994048,
      0.0002424461432822156,
      0.00020226431677729457,
      0.000180050812542916,
      0.00024088368047608147,
      0.00026934703593499654,
      0.0002603849851224536,
      0.0002447750972762646,
      0.00024439185168230714,
      0.0002100766308079652,
      0.00020344353398947125,
      0.00029315248340581367,
      0.0003438293430991073,
      0.00034150038910505835,
      0.0003192574044403754,
      0.00026076823071641107,
      0.00024204815747310595,
      0.000274815655756466,
      0.00029041080338750285,
      0.0002802695353627832,
      0.0002424461432822156,
      0.00021045987640192263,
      0.00021320155642023345,
      0.00024673554589150836,
      0.00018588793774319064,
      0.00009541249713893339,
      0.000023273884184023804,
      0.000023273884184023804,
      0.00007943410391393911,
      0.00009150634012359807,
      0.00012349260700389106,
      0.000024069855802243073,
      -0.00002078461890592813,
      -0.000005970702677958343,
      0.000008076722362096589,
      0.00003185268940260929,
      -0.0000067371938658731975,
      -0.00008239871824216067,
      -0.00012178457312886243,
      -0.00011400173952849622,
      -0.00009059427786678874,
      -0.0000613496910048066,
      -0.00011282252231631952,
      -0.00014673975738155182,
      -0.00015416882581826505,
      -0.00019277344930189973,
      -0.0001572937514305333,
      -0.00007538237582970932,
      -0.00010229800869764248,
      -0.00009488368047608148,
      0.000011584893568322269,
      -0.000010260105287251087,
      -0.0000703117418173495,
      -0.00006992849622339207,
      -0.0001026812542915999,
      -0.00016781826504921033,
      -0.00011478297093156328,
      -0.00010150203707942321,
      -0.00011711192492561227,
      -0.0001373944609750515,
      -0.00012490949874113068,
      -0.0001112600595101854,
      -0.00012725319295033187,
      -0.00010620416571297779,
      -0.00012490949874113068,
      -0.0001451920347905699,
      -0.00021031430533302814,
      -0.0002617871366445411,
      -0.00018301542687113755,
      ... 924 more items
    ],
    [
      -0.0000030577553978790115,
      -0.000010492561226825376,
      0.000004361181048294789,
      -0.000010492561226825376,
      0.000017627985046158525,
      0.000012946517128252064,
      -0.0000050176241702907,
      -0.000022973830777447184,
      -0.000019062027924010087,
      -0.000018681162737468544,
      -0.000040144502937361734,
      -0.00004053330281528956,
      -0.000053808041504539576,
      -0.000056537575341420635,
      -0.00006395651178759444,
      -0.00005848950942244604,
      -0.0000701931792172122,
      -0.00004795223926146336,
      -0.000035851834897383094,
      -0.00003897016861219198,
      -0.0000011137560082398875,
      -0.000010087891966124988,
      -0.000006969558251316106,
      -0.000006580758373388282,
      -0.000009699092088197163,
      -0.000008913557640955231,
      -0.0000124365606164645,
      -0.00001087342641336692,
      6.057831692986926e-8,
      -0.000010492561226825376,
      -0.000023362630655375007,
      -0.000019062027924010087,
      -0.00001672922865644314,
      -0.00003076569771877624,
      -0.000014380560006103624,
      0.000019579919127183932,
      0.000008249179827573038,
      0.000025435721370260153,
      0.00002699092088197145,
      0.000016842450598916594,
      0.000012160982681010132,
      0.000019960784313725476,
      0.000007090714885175845,
      -7.249561303120625e-7,
      0.000005130846112764156,
      0.000027784390020599666,
      0.00003752819104295413,
      0.00004729579613946745,
      0.00003714732585641259,
      0.00003519539177538718,
      0.00003284672312504767,
      0.0000410511940184634,
      0.00005158846417944608,
      0.00004182085908293277,
      0.00002972838941023879,
      0.00003284672312504767,
      0.000021135118638895234,
      0.000028958724345769423,
      6.057831692986926e-8,
      -0.000019062027924010087,
      -0.0000042320897230487685,
      0.000004361181048294789,
      0.00002075425345235369,
      0.00003519539177538718,
      0.000014898451209277471,
      -0.000007350423437857649,
      -0.000006969558251316106,
      0.000005519645990691982,
      0.000016072785534447227,
      0.000034814526588845644,
      0.00003597299153124283,
      0.000017247119859616985,
      0.000017627985046158525,
      0.0000113754482337682,
      0.000016072785534447227,
      0.000014898451209277471,
      0.000023483787289234746,
      0.000025046921492332327,
      0.000023102922102693203,
      0.00003752819104295413,
      0.00004067032883192186,
      0.000010216983291371008,
      8.381780727855189e-7,
      -0.000002288090333409644,
      -0.000011651026169222568,
      -0.000004620889600976593,
      0.0000113754482337682,
      0.000007868314641031494,
      -0.000008913557640955231,
      -0.000013206225680933868,
      -0.00003076569771877624,
      -0.0000483331044480049,
      -0.00005147524223697263,
      -0.00003390783550774397,
      -0.000031170366979476634,
      -0.00002844083314259558,
      -0.000013999694819562083,
      -0.000007755092698558039,
      -0.000010492561226825376,
      -0.000013999694819562083,
      ... 924 more items
    ],
    [
      0.00004187139696345467,
      0.000047618554970626404,
      0.000041495414663920064,
      0.000052570778973067846,
      0.000020118135347524244,
      0.000021262195773250957,
      0.000029286732280460845,
      0.00002966808575570308,
      0.00003691917296101322,
      0.000048746501869230206,
      0.0000483705195696956,
      0.00004914396887159535,
      0.00006020321965362022,
      0.00006517155718318458,
      0.00006172863355458918,
      0.00005524562447547115,
      0.00006707832455939577,
      0.00006287269398031588,
      0.00008197259479667355,
      0.00009990695048447397,
      0.00007204666208896012,
      0.00007317998016327156,
      0.00006517155718318458,
      0.00005792046997787444,
      0.000054869642175936545,
      0.00005599758907454035,
      0.000054869642175936545,
      0.0000483705195696956,
      0.000032718913557640975,
      0.000015536522468909765,
      0.000010186831464103172,
      0.000005991943236438566,
      6.637369344625223e-7,
      0.000008661417563134225,
      -0.000006211367971313018,
      -0.000023012405584801993,
      -0.0000199615777828641,
      -0.000021486991683833044,
      -0.000014611886778057506,
      -0.0000024085755703059223,
      0.0000037145647364004183,
      0.000007511985961699877,
      0.00001744328984512095,
      0.000027369222552834385,
      0.000037687251087205335,
      0.000033486991683833085,
      0.00003309489585717558,
      0.000037687251087205335,
      0.000041495414663920064,
      0.00004646912336919206,
      0.0000510453650720989,
      0.00005219479667353325,
      0.00005294676127260245,
      0.0000506693827725643,
      0.00004531969176775771,
      0.00003576974135957887,
      0.00003004406805523768,
      0.0000250864728770886,
      0.000015160540169375164,
      0.000015536522468909765,
      0.000020118135347524244,
      0.000021643549248493193,
      0.00001744328984512095,
      0.000020510231174181755,
      0.000022411627374685303,
      0.000020886213473716358,
      0.00002469437705043109,
      0.000027369222552834385,
      0.000026611886778057547,
      0.000028137300679026496,
      0.000027761318379491896,
      0.00002316896314946214,
      0.000020886213473716358,
      0.0000250864728770886,
      0.000035012405584802034,
      0.00003729515526054782,
      0.00004494370946822311,
      0.000049519951171129955,
      0.0000506693827725643,
      0.000052570778973067846,
      0.00005524562447547115,
      0.000056395056076905494,
      0.00005752837415121693,
      0.00006172863355458918,
      0.00006554753948271919,
      0.00006899583428702222,
      0.00007624692149233237,
      0.0000773802395666438,
      0.00007357207598992906,
      0.00007242264438849472,
      0.00008120451667048144,
      0.00008387936217288474,
      0.00008158049897001605,
      0.00008120451667048144,
      0.0000823539482719158,
      0.00007815368886854354,
      0.00007929774929427026,
      0.00007890565346761275,
      0.0000800550850690471,
      0.00007890565346761275,
      ... 924 more items
    ],
    [
      0.0001268606088349737,
      0.00011830707255664913,
      0.00010430176241702908,
      0.0000887676813916228,
      0.00008097853055619136,
      0.00008408661020828566,
      0.00008332222476539255,
      0.00009691691462577249,
      0.00009459848935683223,
      0.00009615252918287938,
      0.00011168661020828565,
      0.00012179418631265737,
      0.0001377325703822385,
      0.00013190176241702908,
      0.00012762499427786678,
      0.00013113737697413596,
      0.00013386010528725108,
      0.00014590707255664914,
      0.00015056919203479058,
      0.00015794772259098192,
      0.0001614601052872511,
      0.00016960933852140078,
      0.00016260984206912336,
      0.00015950176241702908,
      0.00016495353627832455,
      0.00015484596017395285,
      0.0001470757610437171,
      0.00014279899290455482,
      0.00012645630579079882,
      0.00011675303273060197,
      0.00010157903410391395,
      0.00008136388189517052,
      0.00006310707255664913,
      0.000049101762417029076,
      0.000040952529182879384,
      0.000022676768139162287,
      0.000020737376974135964,
      0.000021501762417029076,
      0.000014906569008926535,
      0.000019568688487067985,
      0.000025399496452277415,
      0.000029676264591439696,
      0.000046379034103913945,
      0.000042506569008926534,
      0.0000397838406958114,
      0.000046379034103913945,
      0.00005299949645227742,
      0.00005727626459143969,
      0.000058040650034332805,
      0.00006387145799954223,
      0.00006155303273060197,
      0.00007166060883497369,
      0.00007397903410391395,
      0.00007282929732204166,
      0.00007204596017395286,
      0.00006504014648661021,
      0.00005337853055619136,
      0.00004600000000000001,
      0.000051060105287251095,
      0.000038994186312657366,
      0.000021501762417029076,
      0.000015291920347905708,
      0.000014116914625772495,
      0.000016056305790798817,
      0.000020737376974135964,
      0.000018400000000000007,
      0.000012948226138704517,
      0.000012569192034790577,
      0.000007117418173495086,
      0.000004009338521400786,
      -0.000004139894712748905,
      -0.000006477271686884863,
      -0.0000014361181048294728,
      -0.000005712886243991752,
      -0.0000018214694438086442,
      0.000007117418173495086,
      0.000005563378347447936,
      0.0000020762645914396964,
      0.0000075217212176699545,
      0.000011779537651636537,
      0.000012569192034790577,
      0.000021887113756008247,
      0.000021887113756008247,
      0.000022676768139162287,
      0.000025778530556191357,
      0.000025778530556191357,
      0.000019183337148088814,
      0.000018779034103913945,
      0.000030055298695353634,
      0.000036271457999542235,
      0.000045229297322041665,
      0.000046783337148088814,
      0.000050655802243076226,
      0.00005999899290455482,
      0.000059594689860379954,
      0.0000673838406958114,
      0.00006466111238269627,
      0.00006582980086976426,
      0.00006814822613870451,
      0.00007282929732204166,
      ... 924 more items
    ],
    [
      -0.000049990264744029875,
      0.000051969481956206643,
      0.000026393972686350843,
      0.00004150823224231331,
      0.000021751659418631304,
      0.000009718013275349088,
      0.00006981136797131307,
      0.000137263965819791,
      0.00009616772716868852,
      0.00006359665827420466,
      -0.000005011169604028345,
      -0.00005154126802471958,
      0.0000031289234760052248,
      0.00006244142824444957,
      0.0001174966964217594,
      0.00008531070420386057,
      -0.000003845242999923668,
      -0.0000790635538261997,
      -0.00016165180437933925,
      -0.00008681857022964824,
      0.000048878171969176816,
      0.0000515951018539712,
      0.00008956794079499508,
      0.00001786880292973224,
      -0.00009650966659037152,
      -0.00014537161821927212,
      -0.00018996563668268861,
      -0.0001938271000228885,
      -0.00008061455710688941,
      0.000044610238803692724,
      0.00010819067673762116,
      0.00009228487067978947,
      -0.000015098039215686239,
      -0.00010310945296406497,
      -0.0001178386358434424,
      -0.00003952901503013653,
      0.00003066190585183493,
      0.00009655280384527355,
      0.000137263965819791,
      0.00013842989242389566,
      0.00009655280384527355,
      0.00005740334172579541,
      -0.0000011283131151292836,
      -0.000022082902265964714,
      0.00003066190585183493,
      0.00011595638971541928,
      0.00015084861524376292,
      0.00014153189898527508,
      0.00018418983749141684,
      0.00015587600518806747,
      0.00011981785305561917,
      0.00011399891660944537,
      0.0000729133745326925,
      0.00005778841840238045,
      0.00005664388494697494,
      0.0001737285877775235,
      0.0001760390478370337,
      0.00010547374685282677,
      0.00007833653772793167,
      0.0000787216144045167,
      0.00002833005264362558,
      0.00010082073701075765,
      0.0001636417181658656,
      0.00015665685511558712,
      0.00018457491416800186,
      0.00021714598306248574,
      0.00019581701380941486,
      0.00011904769970244911,
      0.000016317799649042532,
      -0.00002245728236820016,
      -0.000020916975661860037,
      0.00012098377965972384,
      0.00020394641031509883,
      0.0001795368276493477,
      0.00015626108186465252,
      0.00006476258487830933,
      -0.000052707194628824256,
      0.00003531491569390406,
      0.00011323945983062489,
      0.00010742052338445109,
      0.00015122299534599837,
      0.00020318695353627837,
      0.00015084861524376292,
      0.00012214970626382853,
      0.00013804481574731064,
      0.00010043566033417262,
      -0.0000015133897917143144,
      0.00004655701533531704,
      0.00007328775463492794,
      0.00007563030441748687,
      0.00010547374685282677,
      0.00012021362630655379,
      0.00008065769436179145,
      -0.0000158681925688563,
      -0.00004069494163424121,
      -0.00013646137178606848,
      -0.00004610740825513081,
      0.000026779049362935874,
      0.00002833005264362558,
      0.0000829895475700008,
      ... 924 more items
    ],
    [
      -0.00004090785076676588,
      -0.000040132890821698364,
      -0.00003279468986037998,
      -0.000043213595788509986,
      -0.000038582970931563316,
      -0.00004129054703593503,
      -0.00005365163653009845,
      -0.000047078828107118365,
      -0.0000254564888990616,
      -0.00003665992217898836,
      -0.000010770519569695614,
      -0.00001115321583886476,
      -0.00004669613183794922,
      -0.000037817578393225025,
      -0.00004669613183794922,
      -0.000034736873426413396,
      0.0000031404898146028523,
      0.000031727901121538075,
      0.000042156374456397314,
      0.000012401739528496192,
      -0.000012703135728999803,
      -0.000010397390707255696,
      -0.000017735591668574075,
      0.000009311467154955335,
      0.000027078141451132953,
      0.000036358525978484745,
      0.00005837312886243989,
      0.0000800146028839551,
      0.00006687855344472416,
      0.000046404303044174835,
      0.000032110597390707224,
      0.00003520086976424808,
      0.000052584847791256546,
      0.0000977717097734035,
      0.0000977717097734035,
      0.00008271261158159758,
      0.00007500128175783929,
      0.000057215472648203216,
      0.000052584847791256546,
      0.000056048249027237324,
      0.00008271261158159758,
      0.00009314108491645682,
      0.0000981735408560311,
      0.00011169228656443119,
      0.00010397138933394366,
      0.00007923007553215835,
      0.0000649555046921492,
      0.00008580288395513845,
      0.000057598168917372365,
      0.000047571526665140734,
      0.00005412520027466236,
      0.000051034927901121505,
      0.00005529242389562826,
      0.00006224792858777749,
      0.000051417624170290654,
      0.000020907164110780468,
      0.00000892877088578619,
      0.000018582284275577903,
      0.0000058480659189745624,
      8.15609979400289e-7,
      -0.000013095399404898177,
      -0.00004553847562371255,
      -0.00005828226138704512,
      -0.00006137253376058598,
      -0.00007604893568322273,
      -0.00008067956054016941,
      -0.00008146408789196616,
      -0.00009034264133669035,
      -0.00007643163195239188,
      -0.00007103561455710692,
      -0.0000690934309910735,
      -0.00010580357061112385,
      -0.00010696122682536053,
      -0.00010077111467154959,
      -0.00008918498512245368,
      -0.0000540343327992676,
      -0.0000219835202563516,
      -0.000017735591668574075,
      -0.00002274891279468989,
      -0.000009612863355458946,
      -0.000001107438773174671,
      -0.000018118287937743224,
      0.000013186266880292943,
      0.000026695445181963804,
      0.000029403021286335514,
      0.00006030574502174407,
      0.00009198342870222016,
      0.00007421675440604254,
      0.00007150917830167083,
      0.00006533820096131835,
      0.00006069800869764245,
      0.00007229370565346758,
      0.00008426253147173263,
      0.00011130959029526204,
      0.00012173806363012128,
      0.0001375721217669947,
      0.00011594021515220872,
      0.00009932162966353853,
      0.00009972346074616613,
      0.00008271261158159758,
      ... 924 more items
    ],
    [
      0.00008014998092622261,
      0.00007782642862592506,
      0.00007276372930495153,
      0.00007354769207293811,
      0.00007432220950637062,
      0.0000715925078202487,
      0.00007782642862592506,
      0.00008169901579308764,
      0.00009180552376592658,
      0.00010152477302204927,
      0.00010424502937361713,
      0.00011163128099488821,
      0.0001232868238345922,
      0.00012017930876630806,
      0.00012911459525444418,
      0.00013727536430914775,
      0.00013883384451056686,
      0.0001364914015411612,
      0.0001450488746471351,
      0.00014427435721370258,
      0.00014621065079728387,
      0.0001563171587701228,
      0.0001621449301899748,
      0.0001621449301899748,
      0.00015203842221713586,
      0.00015010212863355457,
      0.0001345551079575799,
      0.00012366463721675438,
      0.0001155227588311589,
      0.00010191203173876553,
      0.00008597775234607459,
      0.00007082743572137024,
      0.00005762285801480123,
      0.0000416885786221103,
      0.00003703202868696114,
      0.00004013009842069121,
      0.000039733394369420896,
      0.00004051735713740747,
      0.000046345128557259453,
      0.000046345128557259453,
      0.00004401213092240785,
      0.00004090461585412373,
      0.00003390562294956891,
      0.000026925520714122202,
      0.000028474555580987234,
      0.000034302327000839226,
      0.00003740984206912335,
      0.00004245365072098876,
      0.0000420663920042725,
      0.000038968322270542436,
      0.00003858106355382618,
      0.000036625879301136774,
      0.00003390562294956891,
      0.000029645777065690065,
      0.000024970336461432798,
      0.000012143572137025992,
      -0.000002619485770962106,
      -0.000016211322194247374,
      -0.00003914459449149312,
      -0.0000554472419317922,
      -0.00006127501335164418,
      -0.00006478867780575268,
      -0.00007331781490806443,
      -0.00007487629510948351,
      -0.00007527299916075383,
      -0.0000826592507820249,
      -0.00007992954909590298,
      -0.00007992954909590298,
      -0.0000869285420004578,
      -0.00008925209430075535,
      -0.00009159453727016101,
      -0.00009897134355687803,
      -0.00010518637369344628,
      -0.00010635759517814911,
      -0.00010907785152971698,
      -0.00010169159990844589,
      -0.0000826592507820249,
      -0.00006361745632104985,
      -0.000049241657129778006,
      -0.000033694636453803335,
      -0.000024768795300221283,
      -0.00002010280003051807,
      -0.000007276035706111263,
      0.000003992248416876454,
      0.00001720627145799952,
      0.000037797100785839605,
      0.0000564516365300984,
      0.00006227940794995038,
      0.00006965621423666741,
      0.00007238591592278933,
      0.00007432220950637062,
      0.00008093394369420918,
      0.00008986923018234529,
      0.00010385777065690088,
      0.00011318031586175324,
      0.00012211560234988935,
      0.0001263943389028763,
      0.00012755611505302507,
      0.00013183485160601203,
      0.00013338388647287706,
      ... 924 more items
    ],
    [
      0.000321,
      0.0003050237125200275,
      0.00030619871824216066,
      0.00028749338521400777,
      0.0002765772030212863,
      0.00028241432822156097,
      0.00027968528267338064,
      0.000260212405584802,
      0.00024151654840924697,
      0.00024931517509727626,
      0.0002485286793316548,
      0.0002376314488441291,
      0.00023684495307850766,
      0.0002200821698329137,
      0.00020918493934538797,
      0.00021385653467612725,
      0.0002013957885099565,
      0.0002006092927443351,
      0.0001959376974135958,
      0.00019826875715266653,
      0.00018971206225680933,
      0.0001819039597161822,
      0.00018892556649118791,
      0.000197112703135729,
      0.0001830789654383154,
      0.00016749118791485466,
      0.0001694526894026093,
      0.0001530784161135271,
      0.0001289339436942092,
      0.0001226988326848249,
      0.00010321647974364844,
      0.00008218008697642482,
      0.00007008889906157016,
      0.00004945049210345617,
      0.000037378255893797214,
      0.00002762760357061113,
      0.00003115262073701076,
      0.0000268600595101854,
      0.000015176333257038227,
      0.000036203250171664,
      0.00005724911879148547,
      0.00004982952620737011,
      0.00005255857175555047,
      0.00006621327534905013,
      0.00005802613870450904,
      0.000060366674296177614,
      0.00006932135500114443,
      0.000058812634470130465,
      0.000054520073243305104,
      0.000058812634470130465,
      0.000051791027695124744,
      0.00004982952620737011,
      0.00005217953765163653,
      0.00004945049210345617,
      0.000021790478370336466,
      -0.000007802609292744331,
      -0.000022224856946669715,
      -0.00004870986495765621,
      -0.00009117116044861523,
      -0.0001172771343556878,
      -0.00014064458686198215,
      -0.00015312428473334859,
      -0.00015194927901121538,
      -0.0001527357747768368,
      -0.0001632539711604486,
      -0.0001725971618219272,
      -0.000176112703135729,
      -0.00018818493934538794,
      -0.0001975376058594644,
      -0.00019129301899748226,
      -0.00019129301899748226,
      -0.00020454026092927443,
      -0.00020960984206912337,
      -0.0002025977111467155,
      -0.0001944105745021744,
      -0.0001991011215381094,
      -0.00020415175097276264,
      -0.00019170048065918975,
      -0.00018312483405813688,
      -0.0001663620508125429,
      -0.00014961821927214465,
      -0.00014416012817578393,
      -0.00013638045319295034,
      -0.00012234671549553672,
      -0.00011844266422522315,
      -0.00012195820553902494,
      -0.0001032623483634699,
      -0.00008182796978713664,
      -0.00008182796978713664,
      -0.00007248477912565804,
      -0.00004403826962691691,
      -0.000043270725566491184,
      -0.00004403826962691691,
      -0.000032354543373769735,
      -0.000030004531929503313,
      -0.000022224856946669715,
      -0.000015203250171663992,
      -0.000011318150606546117,
      -0.000013260700389105054,
      -0.000003519523918516819,
      ... 924 more items
    ],
    [
      -0.000049824902723735386,
      0.000034954680704966824,
      0.000032248111696040296,
      0.000032631952391851696,
      0.000009414511329823774,
      -0.000017680704966811608,
      0.00001444380865186543,
      0.00007522842755779355,
      0.00007522842755779355,
      0.00007831883726253147,
      0.00006670519569695584,
      0.00002295719844357978,
      0.00003417715724422066,
      0.00005470771343556879,
      0.00011470496681162738,
      0.00013445799954222936,
      0.00010309132524605174,
      0.00007908651865415427,
      0.000005152895399404914,
      0.00002760265506981004,
      0.0001232281986724651,
      0.0001329127946898604,
      0.00017432822156099794,
      0.00014298123140306707,
      0.0000314804303044175,
      -0.000014196612497138916,
      -0.000034717326619363676,
      -0.000022719844357976634,
      0.00003572236209658962,
      0.00012206683451590753,
      0.00015110093842984665,
      0.00011277592126344702,
      0.00002141199359121082,
      -0.00003085923552300295,
      -0.00006801304646372165,
      -0.000045169604028381756,
      -0.000004915541313801768,
      0.00002101831082627605,
      0.000022563515678645013,
      0.000022179674982833616,
      0.000015605172808422994,
      -0.00003433348592355228,
      -0.000108276951247425,
      -0.00010054108491645683,
      -0.00006453879606317233,
      -0.000014196612497138916,
      1.2359807736325766e-7,
      0.000002052643625543619,
      0.0000036076905470359514,
      -0.000039756466010528706,
      -0.000056399404898146004,
      -0.00005447035934996564,
      -0.00007459739070725564,
      -0.0000633675898374914,
      -0.00005756076905470357,
      0.00003921629663538569,
      0.000047355687800412006,
      0.000029915541313801798,
      0.0000016688029297322205,
      0.0000032238498512245527,
      -0.00004092767223620964,
      0.000012121080338750302,
      0.00006786655985351339,
      0.00008993247882810712,
      0.00012903501945525292,
      0.00017161181048294804,
      0.0001619468986037995,
      0.00008065140764476997,
      -0.000005299382009613166,
      -0.000029688029297322023,
      -0.000009560997940032026,
      0.00009766834515907531,
      0.0001685214007782101,
      0.00014607164110780498,
      0.00011199839780270085,
      0.00003998397802700848,
      -0.0000657001602197299,
      0.000025673609521629678,
      0.00005973701075761045,
      0.00004656832227054247,
      0.00007522842755779355,
      0.00007677363241016252,
      0.000055859235523002985,
      0.00003302563515678646,
      0.00006398878461890594,
      0.00004966857404440377,
      0.000004001373311970719,
      0.00004114534218356605,
      0.00003612588693064776,
      0.000024108720531013977,
      0.00005663675898374915,
      0.00008800343327992677,
      0.00007444106202792402,
      0.000015211490043488228,
      0.00001444380865186543,
      -0.00005717692835889217,
      0.000004385214007782118,
      0.0000616660563057908,
      0.00005625291828793775,
      0.00008219661249713894,
      ... 924 more items
    ],
    [
      -0.00007094464026855878,
      -0.00004717895780880445,
      -0.000023413275349050124,
      -0.0000062557564660105275,
      0.000026488731212329287,
      -0.000023413275349050124,
      0.000027259189745937283,
      0.000024518135347524222,
      0.00005416597238117036,
      0.00009274816510261691,
      0.000042060883497367815,
      0.00006312996108949416,
      0.00002804446478980697,
      0.000024932997634851606,
      0.0000424609292744335,
      0.000013227954528114748,
      0.000025318226901655604,
      0.00005493643091477836,
      0.000050639642938887616,
      0.00009236293583581292,
      0.00010833513389791714,
      0.00005727743953612573,
      0.00007052339971007858,
      0.00011612861829556725,
      0.0001028826581216144,
      0.00010522366674296176,
      0.00008339894712748913,
      0.00000464919508659495,
      0.000026488731212329287,
      0.00007013817044327458,
      0.00006702670328831922,
      0.000047913405050736245,
      0.000035452719920653086,
      -0.000029250980392156858,
      -0.000048349462119478135,
      -0.000023798504615854122,
      -0.0000031442893110551605,
      -0.00000274424353398947,
      0.0000054196536202029456,
      0.00000971644159609369,
      -0.00003938547341115434,
      -0.0000600396887159533,
      -0.00005537248798352025,
      -0.00007055941100175478,
      -0.00007330046540016785,
      -0.000023798504615854122,
      -0.000015219745174334323,
      -0.00010798591592278934,
      -0.00008810215915159837,
      -0.0001200761882963302,
      -0.00009942197299153124,
      -0.000058869184405279615,
      -0.00003938547341115434,
      -0.000056142946517128244,
      -0.00008420541695277332,
      -0.00008070872053101395,
      -0.00007212996108949416,
      -0.00007641193255512321,
      -0.00006821840238040741,
      -0.00004132643625543602,
      -0.00006161023880369268,
      -0.00007913817044327458,
      -0.00004794941634241245,
      -0.00005848395513847562,
      -0.00009122844281681543,
      -0.00007368569466697184,
      -0.00010487444876783397,
      -0.00012397293049515524,
      -0.0001025334401464866,
      -0.00009903674372472724,
      -0.00011539417105363545,
      -0.00008693165484092469,
      -0.00007368569466697184,
      -0.00011969095902952619,
      -0.00010408917372396429,
      -0.00007447096971084153,
      -0.00008848738841840238,
      -0.00008109394979781795,
      -0.000058869184405279615,
      -0.000048349462119478135,
      -0.000009367223620965895,
      0.00003777891203173876,
      0.000046357671473258564,
      0.00005572170595864805,
      0.0000681823910887312,
      0.00002842969405661097,
      0.000032711665522240025,
      0.00005299546807049668,
      0.00006155941100175478,
      0.00010990568398565651,
      0.00012198113984893568,
      0.0001621338826581216,
      0.0001636896162355993,
      0.00012587788204776072,
      0.0001554960860608835,
      0.0001114614175631342,
      0.0001367828336003662,
      0.00018512910658426794,
      0.00020422758831158922,
      0.00024242455176623175,
      ... 924 more items
    ],
    [
      0.00021819794003204393,
      0.00021002563515678643,
      0.00016177239642938885,
      0.00015281950102998397,
      0.00012287031357289995,
      0.00020223566033417256,
      0.00017539290455481803,
      0.0001952262760357061,
      0.00015516127260242616,
      0.00007694291599908444,
      0.00010340334172579537,
      0.00009679221789883268,
      0.00016956237125200272,
      0.0001952262760357061,
      0.00016177239642938885,
      0.0001594465552758068,
      0.0001248138246738384,
      0.00006176122682536048,
      0.00007812176699473562,
      0.00004814071869993132,
      0.000041545525291828775,
      0.00010807095445181962,
      0.00008395230029755092,
      0.000013507988097962905,
      0.000028291416800183093,
      0.00002558324559395741,
      0.000017410940718699916,
      0.0000777075761043717,
      0.00007616232547493703,
      0.000010401556420233447,
      -0.00000632538338292517,
      0.000001066330968184924,
      -0.000024231174181734966,
      0.000006116273746852811,
      0.00002674616617074844,
      0.000025965575646601038,
      0.000017793270771343543,
      0.000043473105973907054,
      0.00007656058594644082,
      0.00006799002059967955,
      0.00011275449759670403,
      0.00015438068207827875,
      0.00016059354543373767,
      0.0001473712977798123,
      0.00014853421835660333,
      0.00009950038910505835,
      0.0000971745479514763,
      0.0002073015335317006,
      0.00019484394598306246,
      0.00025126948958571754,
      0.00022480906385900662,
      0.00018316694895857173,
      0.00015903236438544289,
      0.00016217065690089262,
      0.00017655582513160904,
      0.00016059354543373767,
      0.00012247205310139618,
      0.00007499940489814601,
      0.000053206591897459355,
      0.000008840375371938643,
      -0.000005162462806134142,
      -0.000003601281757839338,
      -0.000050691599908445883,
      -0.0000642961776150149,
      -0.000050691599908445883,
      -0.0000860730601968414,
      -0.00005535921263447015,
      -0.00003472932021057452,
      -0.00006353151750972764,
      -0.00008180370794232091,
      -0.00009035834287022203,
      -0.00012809750514991992,
      -0.00013666807049668117,
      -0.00007323314259555964,
      -0.000049512748912794704,
      -0.000054594552529182895,
      0.000010783886472877073,
      0.000011564476997024476,
      0.00003453614099336231,
      0.00006526591897459371,
      0.00005591476310368504,
      0.000036861982146944365,
      0.00003840723277637902,
      0.000056328953994048966,
      0.000052426001373311955,
      0.00014620837720302128,
      0.0001407601739528496,
      0.00012091087205310138,
      0.0001629353170061799,
      0.00013569430075532156,
      0.00013413311970702677,
      0.0001069080338750286,
      0.00010961620508125428,
      0.00017150588235294116,
      0.0001395972533760586,
      0.00020534209201190202,
      0.00021545790798809794,
      0.00018082517738612954,
      0.00018939574273289081,
      0.00016994470130464635,
      ... 924 more items
    ],
    [
      0.00020963582818341346,
      0.00019333240253299763,
      0.0001987700465400168,
      0.00017782751201647976,
      0.0001723898680094606,
      0.00016075407034409094,
      0.00015415664911879148,
      0.00013398413061722743,
      0.00011576041809719996,
      0.00012622693217364766,
      0.00011963901731898984,
      0.00009906723125047684,
      0.00008161353475242236,
      0.00008588189517051957,
      0.00008667092393377584,
      0.0000909297779812314,
      0.00008240256351567863,
      0.00008977000076295108,
      0.00008433235675593193,
      0.00009713743801022354,
      0.0000951981383993286,
      0.00007813420309758143,
      0.00009054952315556572,
      0.0001111118028534371,
      0.0000998562600137331,
      0.0000909297779812314,
      0.00010488513008316166,
      0.00010140579842832074,
      0.00008938023956664377,
      0.00011032277409018081,
      0.00011538016327153428,
      0.00011692970168612192,
      0.00013049529259174486,
      0.00013941226825360493,
      0.00014368062867170213,
      0.00015376688792248416,
      0.00016657196917677577,
      0.0001599745479514763,
      0.00014601919584954605,
      0.0001766582284275578,
      0.00019295214770733197,
      0.00018209587243457693,
      0.0001875145037003128,
      0.0002073067673762112,
      0.0002115751277943084,
      0.00022825880827038986,
      0.00024104487678339818,
      0.00022864856946669718,
      0.00022825880827038986,
      0.00021040584420538644,
      0.00019683074692912185,
      0.00018403517204547187,
      0.00017200961318379493,
      0.00015803524834058136,
      0.00012119806210421911,
      0.00008006399633783474,
      0.00006106076142519263,
      0.000030031967650873564,
      -0.000032814648661020847,
      -0.0000634536812390326,
      -0.00007780830090791183,
      -0.00009216292057679106,
      -0.00008944409857328147,
      -0.0001003003738460365,
      -0.00011854309910734725,
      -0.00013172843518730452,
      -0.00014453351644159613,
      -0.00016160695811398492,
      -0.00017362301060502025,
      -0.00016353675135423823,
      -0.0001596486457618067,
      -0.0001724537270160983,
      -0.0001767220874341955,
      -0.00018447928587777526,
      -0.00019496481269550627,
      -0.00020272201113908603,
      -0.00021862616922255288,
      -0.00019496481269550627,
      -0.00017906065461203942,
      -0.00016663582818341347,
      -0.00014840260929274436,
      -0.00013289771877622648,
      -0.00012126192111085682,
      -0.0001150352483405814,
      -0.00011892335393301293,
      -0.00014763259327077138,
      -0.0001344472571908141,
      -0.00011388497749294273,
      -0.00012823959716182196,
      -0.00012862935835812928,
      -0.00011658478675516902,
      -0.00012668055237659268,
      -0.0001371660791943237,
      -0.00014529402609292748,
      -0.00014570280003051807,
      -0.0001577188525215534,
      -0.00017517254901960788,
      -0.00018487855344472424,
      -0.0002031022659647517,
      -0.0001980638895246815,
      ... 924 more items
    ],
    [
      -0.000031454139009689495,
      -0.00004492919813839935,
      -0.00005030359349965669,
      -0.00005568667124437325,
      -0.00004838478675516901,
      -0.00004145624475471124,
      -0.00004223765926604106,
      -0.000049921568627451,
      -0.000052621789883268496,
      -0.00005722345311665524,
      -0.000051458350499732984,
      -0.00004838478675516901,
      -0.00005415857175555049,
      -0.00005185774013885712,
      -0.000058760234988937224,
      -0.00006607080186160069,
      -0.000056841428244449545,
      -0.000042993026626993226,
      -0.00002761652552071414,
      -0.000011849317158770136,
      -0.000005676142519264528,
      -0.000004538750286106673,
      8.530098420691116e-7,
      0.000008545601586938266,
      0.000018938414587624923,
      0.000034314915693904014,
      0.000050090806439307236,
      0.00006432991531242847,
      0.00007164048218509193,
      0.00006818489356832226,
      0.00006740347905699244,
      0.00007473141069657435,
      0.00008395210193026627,
      0.0001020461890592813,
      0.00011164890516517891,
      0.00012165101091020066,
      0.00012318779278248264,
      0.00012089564354924849,
      0.00012318779278248264,
      0.00012588801403830014,
      0.0001331985809109636,
      0.00014166390478370338,
      0.00014397341878385597,
      0.00014166390478370338,
      0.00013089774929427023,
      0.00010935675593194477,
      0.00010126477454795148,
      0.00009511764705882353,
      0.00008857112993057145,
      0.00008740769054703593,
      0.00008204197756923781,
      0.00007665021744106203,
      0.00006548467231250477,
      0.00005162758831158922,
      0.000035478355077439526,
      0.000014710093842984654,
      0.000005862745098039205,
      0.0000035445487144273938,
      -0.000004538750286106673,
      -0.00001684168764782179,
      -0.00002107000839246206,
      -0.00003185352864881362,
      -0.00003953743801022356,
      -0.00003838268101014727,
      -0.00004415646601052874,
      -0.000060696406500343345,
      -0.00006647019150072482,
      -0.00006647019150072482,
      -0.00006492472724498361,
      -0.00005223976501106281,
      -0.00004492919813839935,
      -0.00005762284275577937,
      -0.00006762494850080112,
      -0.00005915962462806136,
      -0.000049921568627451,
      -0.00003569114213778898,
      -0.000017996444647898083,
      -0.000009913145647364017,
      -0.00000837636377508203,
      -0.000004538750286106673,
      0.0000039265735866330855,
      0.00000931833371480887,
      0.000012391897459372843,
      0.00002048387884336613,
      0.000024312809948882266,
      0.00002663100633249408,
      0.000030086594949263743,
      0.00002970457007705805,
      0.000022394003204394587,
      0.00001778365758754863,
      0.000020101853971160438,
      0.000019702464332036307,
      0.00001163653009842068,
      0.00001355533684290836,
      0.000014310704203860523,
      0.000016628900587472334,
      0.000015092118715190346,
      0.000010473090714885164,
      0.000005090012970168601,
      -0.000004139360646982541,
      ... 924 more items
    ],
    [
      0.0000954729228656443,
      0.00009198002594033722,
      0.00008768686961165788,
      0.00008613342488746471,
      0.00008146367589837491,
      0.0000826216983291371,
      0.00008807287708857863,
      0.0000888637216754406,
      0.00009664977492942703,
      0.00010677070267795834,
      0.00011417074845502403,
      0.00012040335698481727,
      0.00012352907606622416,
      0.00013287798886091402,
      0.0001352128633554589,
      0.0001352128633554589,
      0.00014144547188525214,
      0.000139892027161059,
      0.00014144547188525214,
      0.00014338492408636606,
      0.00014144547188525214,
      0.0001437897611963073,
      0.00014729207293812468,
      0.00014299891660944533,
      0.00012897084000915542,
      0.00011846390478370337,
      0.00010715671015487908,
      0.00009587775997558556,
      0.00008534258030060273,
      0.00007365879301136796,
      0.00006120299076829175,
      0.00004444461738002594,
      0.000028477088578622104,
      0.000019137590600442504,
      0.000014063004501411451,
      0.000014063004501411451,
      0.000012904982070649263,
      0.000011737544823376814,
      0.00001133270771343556,
      0.000013290989547569994,
      0.000016021286335545885,
      0.000012904982070649263,
      0.00001133270771343556,
      0.000012509559777218272,
      0.000012904982070649263,
      0.000015616449225604633,
      0.00001834674601358052,
      0.000020691035324635685,
      0.000020691035324635685,
      0.000017584145876249326,
      0.000017584145876249326,
      0.000017584145876249326,
      0.000017960738536659794,
      0.000012509559777218272,
      0.000007453803311207743,
      -0.0000034673838406958205,
      -0.000012034866865033962,
      -0.00002216520943007554,
      -0.000043969924467841626,
      -0.000056425726710917845,
      -0.00005836517891203175,
      -0.00005993745326924545,
      -0.000059146608682383473,
      -0.00005292341496910049,
      -0.00004784882887006944,
      -0.00004823483634699017,
      -0.000043565087357900374,
      -0.00003889533836881057,
      -0.00004006277561608302,
      -0.00003771848630502786,
      -0.00003499760433356223,
      -0.00004006277561608302,
      -0.00004473252460517282,
      -0.00003812332341496911,
      -0.00003616504158083468,
      -0.00003188130006866561,
      -0.000016704615854123762,
      0.0000012211947814145024,
      0.000013290989547569994,
      0.000026923643854428926,
      0.000039774868390936134,
      0.00004600747692072938,
      0.00005457495994506752,
      0.00006704959182116426,
      0.00007756594186312657,
      0.00009274262607766841,
      0.0001091149919890135,
      0.00011963134203097581,
      0.00012274764629587243,
      0.0001250919356069276,
      0.00013208714427405204,
      0.00013637088578622112,
      0.00013404542610818648,
      0.0001418314793621729,
      0.00014690606546120393,
      0.00014650122835126268,
      0.00014923152513923857,
      0.00015157581445029373,
      0.00015390127412832837,
      0.00015702699320973526,
      ... 924 more items
    ],
    [
      0.000015410086213473704,
      0.00003727998779278247,
      0.00001002999923704889,
      0.000028455024032959475,
      0.000005435141527428076,
      -0.0000014799420157168093,
      -0.0000053199664301518445,
      -0.000006079865720607326,
      0.000005034927901121522,
      0.000029594872968642698,
      0.00002614493018997481,
      0.00003074991989013503,
      0.000024609933623254737,
      0.000018079865720607297,
      0.000032680064087891954,
      0.000024609933623254737,
      0.0000322798504615854,
      0.000003125047684443411,
      -0.000011080003051804398,
      -0.000014920027466239433,
      -0.00002334984359502558,
      -0.000025279987792782503,
      -0.000025659937438010243,
      -0.000026039887083237984,
      -0.000016059876401922656,
      -0.0000064750133516441775,
      -7.200427252613273e-7,
      0.000011944945448996705,
      -0.000007234912642099659,
      -0.000019904966811627394,
      0.000006184908827344152,
      0.000023834836346990146,
      0.00002652487983520255,
      0.00006644492256046387,
      0.00004995004196231021,
      -0.0000053199664301518445,
      4.3500419623100525e-7,
      -3.248950942244767e-7,
      -0.000005699916075379585,
      -0.000018749919890135063,
      0.000005435141527428076,
      -0.00003332985427634091,
      -0.000052529976348516085,
      -0.00004983993286030368,
      -0.00007286994735637448,
      -0.00008475983825436793,
      -0.00007977996490424966,
      -0.00009091502250705733,
      -0.00009936003662165258,
      -0.00010089503318837265,
      -0.0001100999465934234,
      -0.00011585491721980624,
      -0.00010625485618371865,
      -0.00009129497215228507,
      -0.000080935011825742,
      -0.00006789007400625623,
      -0.00006442493324177923,
      -0.00007862491798275734,
      -0.000086294834821088,
      -0.00007055985351338982,
      -0.00007209485008010989,
      -0.00006711497672999164,
      -0.00006942000457770659,
      -0.00007518004119935915,
      -0.00007440494392309456,
      -0.00006442493324177923,
      -0.00005597991912718397,
      -0.000059044846265354416,
      -0.00005522001983672849,
      -0.00005675501640344857,
      -0.000052909925993743826,
      -0.000047154955367360976,
      -0.000046395056076905495,
      -0.00006135494010833909,
      -0.00007555999084458689,
      -0.00008516005188067448,
      -0.00009858493934538799,
      -0.0000924500190737774,
      -0.00008744988174258033,
      -0.00010396502632181281,
      -0.00010203488212405588,
      -0.00011738991378652632,
      -0.00012314488441290917,
      -0.00012545497825589385,
      -0.000125059830624857,
      -0.00012583492790112157,
      -0.0001312150148775464,
      -0.00013159496452277414,
      -0.00013543498893720917,
      -0.00013503984130617232,
      -0.00013926488136110479,
      -0.00013888493171587707,
      -0.00014272495613031207,
      -0.00014923982604715043,
      -0.00014617489890897997,
      -0.0001377298847943847,
      -0.00013543498893720917,
      -0.00012583492790112157,
      -0.00011738991378652632,
      -0.000125059830624857,
      ... 924 more items
    ],
    [
      -1.6296635385672834e-7,
      -0.000020483634699015804,
      0.0000025217822537575236,
      -0.0000070657663843747725,
      0.000004454566262302576,
      0.000014794079499504072,
      0.000014794079499504072,
      0.000027054627298390165,
      0.00001976997024490729,
      0.000005987869077592116,
      0.00001786068513008315,
      0.00001670923933775844,
      0.00001976997024490729,
      0.000053526131074998087,
      0.00006118677042801555,
      0.00007615556572823682,
      0.00008381620508125429,
      0.00011909979400320439,
      0.00011373029678797589,
      0.00010720347905699244,
      0.00009187632562752727,
      0.00008266475928892958,
      0.00008879209582665751,
      0.00010222758831158922,
      0.00009609437705043106,
      0.00008228290226596475,
      0.00007768299382009613,
      0.00006118677042801555,
      0.00006502883955138475,
      0.00007268947890440223,
      0.000056968719005111763,
      0.00004086610208285648,
      0.00003433928435187304,
      0.000004055085069047064,
      0.000023993896391241313,
      0.000051992828259708546,
      0.00003702990768291752,
      0.000007515297169451428,
      -0.0000078236057068742,
      -1.6296635385672834e-7,
      -0.000028144274052033278,
      -0.000026234988937209138,
      -0.0000373617151140612,
      -0.000046931639581902815,
      -0.00004924040588998247,
      -0.000041579766536964995,
      -0.00005767650873579005,
      -0.00005767650873579005,
      -0.00006036713206683453,
      -0.00007033653772793165,
      -0.00007071252002746625,
      -0.00007071252002746625,
      -0.00007915449759670407,
      -0.000085281834134432,
      -0.000085281834134432,
      -0.00007799717708094913,
      -0.00006571900511177235,
      -0.000046931639581902815,
      -0.00004118028534370948,
      -0.00006726993209735257,
      -0.00005345845731288626,
      -0.000040046463721675455,
      -0.0000377376974135958,
      -0.00002585313191424431,
      -0.00001779888609140155,
      -0.00001970817120622569,
      -0.00001970817120622569,
      -0.000009738765545128568,
      -0.000005520714122224776,
      -1.6296635385672834e-7,
      0.000017484702830548552,
      0.000010963759822995336,
      0.000004454566262302576,
      0.00001976997024490729,
      0.0000151759365224689,
      0.000003297245746547636,
      0.000007121690699626144,
      0.000027830090791180275,
      0.000017484702830548552,
      0.000025145342183566025,
      0.000025920805676356135,
      0.000020545433737697404,
      0.000023993896391241313,
      0.000027454108491645675,
      0.000027454108491645675,
      0.000021303273060196832,
      0.000026296787975890738,
      0.00003320546272983901,
      0.000025920805676356135,
      0.000025145342183566025,
      0.000030896696421759355,
      0.000027054627298390165,
      0.00001632738231479361,
      0.000019393987945372692,
      0.000026296787975890738,
      0.00003052071412222476,
      0.000032429999237048896,
      0.00003320546272983901,
      0.000027054627298390165,
      0.000025527199206530853,
      ... 924 more items
    ],
    [
      -0.00025313652246890977,
      -0.00025235367360952165,
      -0.00024343215075913635,
      -0.0002438161898222324,
      -0.00022247248035400932,
      -0.00022674122224765393,
      -0.00022674122224765393,
      -0.0002119704890516518,
      -0.00017625485618371863,
      -0.00014245941863126575,
      -0.00010130815594720379,
      -0.00006325874723430229,
      -0.000057055039291981386,
      -0.00007529689478904403,
      -0.00006637537193865873,
      -0.000046183779659723814,
      -0.00004151622796978714,
      -0.000015889005874723434,
      0.000001570000762951093,
      0.000007005630579079879,
      0.00002603033493553063,
      0.0000271972228580148,
      0.000027581261921110857,
      0.00002990026703288319,
      0.00003651755550469215,
      0.00006486259250782025,
      0.000083887296864271,
      0.00007690074006256199,
      0.00007301603723201343,
      0.000060593850614175634,
      0.000045055039291981386,
      0.00002679841306172274,
      0.000018659739070725564,
      -0.000010852185854886704,
      -0.00005238748760204471,
      -0.00005627219043259327,
      -0.00007141219195849546,
      -0.00006986126497291523,
      -0.00008421841763942932,
      -0.00010404074158846418,
      -0.00012226782635233081,
      -0.0001110272983901732,
      -0.00010365670252536813,
      -0.00010869352254520486,
      -0.0001145131914244297,
      -0.00014402511635004198,
      -0.00015916511787594415,
      -0.00016693452353704129,
      -0.0001677173723964294,
      -0.00017392108033875028,
      -0.00017003637750820174,
      -0.00016576763561455712,
      -0.00016344863050278479,
      -0.00015644730296787978,
      -0.00013858948653391317,
      -0.00011219418631265736,
      -0.0000737459678034638,
      -0.0000034815899900816376,
      0.00007534981307698176,
      0.00012697352559700923,
      0.00015726829938200962,
      0.00015960207522697795,
      0.00016735671015487906,
      0.00018017770656900893,
      0.00019610055695429922,
      0.00021629214923323415,
      0.0002255977111467155,
      0.00023686778057526513,
      0.000249688776989395,
      0.000263676661326009,
      0.00026599566643778136,
      0.00027996878004119934,
      0.0002931738155184253,
      0.0002931738155184253,
      0.0003083138170443275,
      0.0003133654077973602,
      0.00029355785458152133,
      0.00025317467002365147,
      0.00022327870603494317,
      0.0002042540016784924,
      0.00018989684901197834,
      0.0001883459220263981,
      0.0001848304875257496,
      0.00017280711070420386,
      0.00017280711070420386,
      0.0001689224078736553,
      0.00017125618371862365,
      0.0001751408865491722,
      0.00017125618371862365,
      0.0001759089646753643,
      0.00017824274052033264,
      0.00017397399862668803,
      0.00018444644846265354,
      0.0001611530022125582,
      0.00014871604486152437,
      0.00013514174105439843,
      0.00012582140840772105,
      0.00012115385671778438,
      0.000111464255741207,
      0.00010991332875562677,
      ... 924 more items
    ],
    [
      -0.00013004509040970475,
      -0.00010703250171663998,
      -0.00006256054016937516,
      -0.00004735866330968187,
      -0.000027872053101396215,
      -0.00007349553673609524,
      -0.00002669375143053332,
      -0.00004151178759441521,
      -0.000014589379720759915,
      0.00003726482032501715,
      0.000004897230487525735,
      -0.000006028839551384771,
      -0.000048135271229114234,
      -0.00006881803616388191,
      -0.00005556214236667431,
      -0.00007622705424582285,
      -0.00004853696498054476,
      -0.000020846875715266666,
      -0.00003683428702220189,
      -0.000009920805676356161,
      -0.000002119020370794247,
      -0.00004580544747081714,
      -0.00003175509269855804,
      0.000016983749141680005,
      -5.658045319295184e-7,
      -0.000022016250858319998,
      -0.00002317669947356376,
      -0.00007466491187914857,
      -0.00007270107576104374,
      -0.000027077592126344716,
      -0.00002514053559166859,
      -0.00003683428702220189,
      -0.000027872053101396215,
      -0.00006140901808194097,
      -0.00006725589379720761,
      -0.00005556214236667431,
      -0.00003098741130693524,
      -0.00003410276951247427,
      -0.00003643259327077136,
      -0.000022016250858319998,
      -0.00005009018081940949,
      -0.00007855687800411995,
      -0.00007661089494163425,
      -0.00006570267795834288,
      -0.00006412268253604946,
      -0.000014589379720759915,
      -0.000004065003433279942,
      -0.00009142893110551615,
      -0.00008169008926527811,
      -0.00010585420004577708,
      -0.00007895857175555048,
      -0.00003994964522774092,
      -0.00000641268024719617,
      -0.000006028839551384771,
      -0.000028639734493019013,
      -0.00001928473334859237,
      -1.8196383611811982e-7,
      0.000017385442893110536,
      0.000024008926527809554,
      0.00005052071412222475,
      0.000033363927672236194,
      0.000021277409018081926,
      0.00004663767452506293,
      0.000046235980773632394,
      0.000024008926527809554,
      0.0000431116960402838,
      0.0000185458915083543,
      6.124971389333794e-7,
      0.000021661249713893326,
      0.000024008926527809554,
      0.000021661249713893326,
      0.00004975303273060196,
      0.00005519821469443807,
      0.000022062943465323858,
      0.000025178301670862883,
      0.00004117463950560768,
      0.00002712428473334858,
      0.00004194232089723047,
      0.00005169901579308765,
      0.00005519821469443807,
      0.00007938910505836574,
      0.00010512428473334858,
      0.0001117477683680476,
      0.00012111169604028381,
      0.00013163607232776378,
      0.00008328107118333714,
      0.00008834241245136186,
      0.00009927740901808193,
      0.00008601258869306476,
      0.0001101856260013733,
      0.00011876401922636759,
      0.00015113160906385899,
      0.0001359297322041657,
      0.0001090073243305104,
      0.00014255321583886473,
      0.00009459990844586861,
      0.00011135500114442663,
      0.00014683794918745707,
      0.0001495694666971847,
      0.00016711902037079421,
      ... 924 more items
    ],
    [
      0.00021819794003204393,
      0.00021002563515678643,
      0.00016177239642938885,
      0.00015281950102998397,
      0.00012287031357289995,
      0.00020223566033417256,
      0.00017539290455481803,
      0.0001952262760357061,
      0.00015516127260242616,
      0.00007694291599908444,
      0.00010340334172579537,
      0.00009679221789883268,
      0.00016956237125200272,
      0.0001952262760357061,
      0.00016177239642938885,
      0.0001594465552758068,
      0.0001248138246738384,
      0.00006176122682536048,
      0.00007812176699473562,
      0.00004814071869993132,
      0.000041545525291828775,
      0.00010807095445181962,
      0.00008395230029755092,
      0.000013507988097962905,
      0.000028291416800183093,
      0.00002558324559395741,
      0.000017410940718699916,
      0.0000777075761043717,
      0.00007616232547493703,
      0.000010401556420233447,
      -0.00000632538338292517,
      0.000001066330968184924,
      -0.000024231174181734966,
      0.000006116273746852811,
      0.00002674616617074844,
      0.000025965575646601038,
      0.000017793270771343543,
      0.000043473105973907054,
      0.00007656058594644082,
      0.00006799002059967955,
      0.00011275449759670403,
      0.00015438068207827875,
      0.00016059354543373767,
      0.0001473712977798123,
      0.00014853421835660333,
      0.00009950038910505835,
      0.0000971745479514763,
      0.0002073015335317006,
      0.00019484394598306246,
      0.00025126948958571754,
      0.00022480906385900662,
      0.00018316694895857173,
      0.00015903236438544289,
      0.00016217065690089262,
      0.00017655582513160904,
      0.00016059354543373767,
      0.00012247205310139618,
      0.00007499940489814601,
      0.000053206591897459355,
      0.000008840375371938643,
      -0.000005162462806134142,
      -0.000003601281757839338,
      -0.000050691599908445883,
      -0.0000642961776150149,
      -0.000050691599908445883,
      -0.0000860730601968414,
      -0.00005535921263447015,
      -0.00003472932021057452,
      -0.00006353151750972764,
      -0.00008180370794232091,
      -0.00009035834287022203,
      -0.00012809750514991992,
      -0.00013666807049668117,
      -0.00007323314259555964,
      -0.000049512748912794704,
      -0.000054594552529182895,
      0.000010783886472877073,
      0.000011564476997024476,
      0.00003453614099336231,
      0.00006526591897459371,
      0.00005591476310368504,
      0.000036861982146944365,
      0.00003840723277637902,
      0.000056328953994048966,
      0.000052426001373311955,
      0.00014620837720302128,
      0.0001407601739528496,
      0.00012091087205310138,
      0.0001629353170061799,
      0.00013569430075532156,
      0.00013413311970702677,
      0.0001069080338750286,
      0.00010961620508125428,
      0.00017150588235294116,
      0.0001395972533760586,
      0.00020534209201190202,
      0.00021545790798809794,
      0.00018082517738612954,
      0.00018939574273289081,
      0.00016994470130464635,
      ... 924 more items
    ]
  ],
  prediction: 'Ictal',
  probabilities: {
    Ictal: 97.18000030517578,
    'Non-Ictal': 1.059999942779541,
    'Pre-ictal': 1.7599999904632568
  },
  status: 'success'
}